 x =  0.250000000000000     
 y =   4.31199979782104     
 x =  5.797773926759711E-002
 y =   1.40216773150635     
 x =  4.134864750118836E-002
 y = -0.893689695277589     
